215992515 1
215992515 0
215993078 2
215993078 0
215993750 1
215993750 0
215994437 2
215994437 0
215995234 1
215995234 0
215996031 2
215996031 0
215996984 1
215996984 0
215997937 2
215997937 0
215998515 1
215998515 0
215999093 2
215999093 0
216000140 1
216000140 0
216001187 2
216001187 0
216002468 1
216002468 0
216003750 2
216003750 0
216004828 1
216004828 0
216005921 2
216005921 0
216006609 1
216006609 0
216007281 2
216007281 0
216008000 1
216008000 0
224225234 1
224225234 0
224225921 2
224225921 0
224227140 1
224227140 0
224228375 2
224228375 0
224229250 1
224229250 0
224230140 2
224230140 0
224230703 1
224230703 0
224231281 2
224231281 0
224231796 1
224231796 0
224232312 2
224232312 0
224232937 1
224232937 0
224233578 2
224233578 0
224234968 1
224234968 0
224236375 2
224236375 0
224237625 1
224237625 0
224238875 2
224238875 0
224240312 1
224240312 0
224241734 2
224241734 0
224504703 1
224504703 0
224505296 2
224505296 0
224506406 1
224506406 0
224507531 2
224507531 0
224508875 1
224508875 0
224510218 2
224510218 0
224511343 1
224511343 0
224512453 2
224512453 0
224513468 1
224513468 0
224514468 2
224514468 0
224515500 1
224515500 0
224516515 2
224516515 0
224517687 1
224517687 0
224518843 2
224518843 0
224519671 1
224519671 0
224520484 2
224520484 0
