215992578 1
215992578 0
215993140 2
215993140 0
215993812 1
215993812 0
215994500 2
215994500 0
215995296 1
215995296 0
215996093 2
215996093 0
215997046 1
215997046 0
215998000 2
215998000 0
215998578 1
215998578 0
215999156 2
215999156 0
216000203 1
216000203 0
216001250 2
216001250 0
216002531 1
216002531 0
216003796 2
216003796 0
216004890 1
216004890 0
216005984 2
216005984 0
216006671 1
216006671 0
216007343 2
216007343 0
216008062 1
216008062 0
224225281 1
224225281 0
224225968 2
224225968 0
224227187 1
224227187 0
224228406 2
224228406 0
224229296 1
224229296 0
224230187 2
224230187 0
224230750 1
224230750 0
224231328 2
224231328 0
224231843 1
224231843 0
224232359 2
224232359 0
224232984 1
224232984 0
224233625 2
224233625 0
224235015 1
224235015 0
224236406 2
224236406 0
224237671 1
224237671 0
224238921 2
224238921 0
224240343 1
224240343 0
224241781 2
224241781 0
224504750 1
224504750 0
224505343 2
224505343 0
224506453 1
224506453 0
224507578 2
224507578 0
224508921 1
224508921 0
224510265 2
224510265 0
224511390 1
224511390 0
224512500 2
224512500 0
224513515 1
224513515 0
224514515 2
224514515 0
224515546 1
224515546 0
224516562 2
224516562 0
224517734 1
224517734 0
224518890 2
224518890 0
224519718 1
224519718 0
224520531 2
224520531 0
