215992625 1
215992625 0
215993187 2
215993187 0
215993859 1
215993859 0
215994546 2
215994546 0
215995343 1
215995343 0
215996140 2
215996140 0
215997093 1
215997093 0
215998046 2
215998046 0
215998625 1
215998625 0
215999187 2
215999187 0
216000250 1
216000250 0
216001296 2
216001296 0
216002578 1
216002578 0
216003843 2
216003843 0
216004937 1
216004937 0
216006031 2
216006031 0
216006718 1
216006718 0
216007390 2
216007390 0
216008109 1
216008109 0
224225296 1
224225296 0
224225984 2
224225984 0
224227203 1
224227203 0
224228421 2
224228421 0
224229312 1
224229312 0
224230203 2
224230203 0
224230765 1
224230765 0
224231343 2
224231343 0
224231859 1
224231859 0
224232375 2
224232375 0
224233000 1
224233000 0
224233640 2
224233640 0
224235031 1
224235031 0
224236421 2
224236421 0
224237687 1
224237687 0
224238937 2
224238937 0
224240359 1
224240359 0
224241796 2
224241796 0
224504750 1
224504750 0
224505343 2
224505343 0
224506453 1
224506453 0
224507578 2
224507578 0
224508921 1
224508921 0
224510265 2
224510265 0
224511390 1
224511390 0
224512500 2
224512500 0
224513515 1
224513515 0
224514515 2
224514515 0
224515546 1
224515546 0
224516562 2
224516562 0
224517734 1
224517734 0
224518890 2
224518890 0
224519718 1
224519718 0
224520531 2
224520531 0
