215992484 1
215992484 0
215993046 2
215993046 0
215993718 1
215993718 0
215994406 2
215994406 0
215995203 1
215995203 0
215996000 2
215996000 0
215996953 1
215996953 0
215997906 2
215997906 0
215998484 1
215998484 0
215999062 2
215999062 0
216000109 1
216000109 0
216001156 2
216001156 0
216002437 1
216002437 0
216003718 2
216003718 0
216004796 1
216004796 0
216005890 2
216005890 0
216006578 1
216006578 0
216007250 2
216007250 0
216007968 1
216007968 0
224225203 1
224225203 0
224225890 2
224225890 0
224227109 1
224227109 0
224228343 2
224228343 0
224229218 1
224229218 0
224230109 2
224230109 0
224230671 1
224230671 0
224231250 2
224231250 0
224231765 1
224231765 0
224232281 2
224232281 0
224232906 1
224232906 0
224233546 2
224233546 0
224234937 1
224234937 0
224236343 2
224236343 0
224237593 1
224237593 0
224238843 2
224238843 0
224240281 1
224240281 0
224241703 2
224241703 0
224504687 1
224504687 0
224505281 2
224505281 0
224506390 1
224506390 0
224507515 2
224507515 0
224508859 1
224508859 0
224510203 2
224510203 0
224511328 1
224511328 0
224512437 2
224512437 0
224513453 1
224513453 0
224514453 2
224514453 0
224515484 1
224515484 0
224516500 2
224516500 0
224517671 1
224517671 0
224518828 2
224518828 0
224519656 1
224519656 0
224520468 2
224520468 0
