215992531 1
215992531 0
215993093 2
215993093 0
215993765 1
215993765 0
215994453 2
215994453 0
215995250 1
215995250 0
215996046 2
215996046 0
215997000 1
215997000 0
215997953 2
215997953 0
215998531 1
215998531 0
215999109 2
215999109 0
216000156 1
216000156 0
216001203 2
216001203 0
216002484 1
216002484 0
216003750 2
216003750 0
216004843 1
216004843 0
216005937 2
216005937 0
216006625 1
216006625 0
216007296 2
216007296 0
216008015 1
216008015 0
224225250 1
224225250 0
224225937 2
224225937 0
224227156 1
224227156 0
224228390 2
224228390 0
224229265 1
224229265 0
224230156 2
224230156 0
224230734 1
224230734 0
224231312 2
224231312 0
224231828 1
224231828 0
224232343 2
224232343 0
224232968 1
224232968 0
224233609 2
224233609 0
224235000 1
224235000 0
224236390 2
224236390 0
224237656 1
224237656 0
224238906 2
224238906 0
224240343 1
224240343 0
224241765 2
224241765 0
224504718 1
224504718 0
224505312 2
224505312 0
224506421 1
224506421 0
224507546 2
224507546 0
224508890 1
224508890 0
224510234 2
224510234 0
224511359 1
224511359 0
224512468 2
224512468 0
224513484 1
224513484 0
224514484 2
224514484 0
224515515 1
224515515 0
224516531 2
224516531 0
224517703 1
224517703 0
224518859 2
224518859 0
224519687 1
224519687 0
224520500 2
224520500 0
