215992546 1
215992546 0
215993109 2
215993109 0
215993781 1
215993781 0
215994468 2
215994468 0
215995265 1
215995265 0
215996062 2
215996062 0
215997015 1
215997015 0
215997968 2
215997968 0
215998546 1
215998546 0
215999125 2
215999125 0
216000171 1
216000171 0
216001218 2
216001218 0
216002500 1
216002500 0
216003765 2
216003765 0
216004859 1
216004859 0
216005953 2
216005953 0
216006640 1
216006640 0
216007312 2
216007312 0
216008031 1
216008031 0
224225265 1
224225265 0
224225953 2
224225953 0
224227171 1
224227171 0
224228390 2
224228390 0
224229281 1
224229281 0
224230171 2
224230171 0
224230734 1
224230734 0
224231312 2
224231312 0
224231828 1
224231828 0
224232343 2
224232343 0
224232968 1
224232968 0
224233609 2
224233609 0
224235000 1
224235000 0
224236390 2
224236390 0
224237656 1
224237656 0
224238906 2
224238906 0
224240343 1
224240343 0
224241765 2
224241765 0
224504734 1
224504734 0
224505328 2
224505328 0
224506437 1
224506437 0
224507562 2
224507562 0
224508906 1
224508906 0
224510250 2
224510250 0
224511375 1
224511375 0
224512484 2
224512484 0
224513500 1
224513500 0
224514500 2
224514500 0
224515531 1
224515531 0
224516546 2
224516546 0
224517718 1
224517718 0
224518875 2
224518875 0
224519703 1
224519703 0
224520515 2
224520515 0
